下单时间/小时 商品种类数量/个 商品目标质量/等级 供应商发货时间/小时 物流配送时间/小时 县仓配送时间/小时 服务站配送时间/小时 物流破损率/% 县仓破损率/% 服务站破损率/% 下单最小数量/% 商品原价/元 下单等候时间/小时 商品质量/等级 价格/元 是否异常 溯源
7.5330907e+00   1.5960000e+03   5.0000000e+00   1.3997242e+01   1.4364476e+01   5.4272000e+00   2.8644390e+00   2.9951465e-05   9.1836118e-06   9.8380229e-06   4.9000000e+01   2.0938592e+03   4.4186448e+01   4.6664381e+00   1.6052921e+03  0  0
5.2542509e+00   1.9000000e+03   5.0000000e+00   5.2159023e+00   2.0644790e+01   1.1350191e+01   2.4284159e+00   6.8107628e-05   5.4258467e-05   3.7880450e-05   4.2000000e+01   4.4246663e+03   4.4893550e+01   2.3329594e+00   3.9084552e+03  1  1
5.7620525e+01   1.8330000e+03   5.0000000e+00   7.2042658e-01   2.6253880e+01   6.6005155e+00   2.1807426e+00   1.1503516e-05   8.7239498e-05   1.5446525e-05   4.3000000e+01   1.7426884e+03   9.3376090e+01   2.6663622e+00   1.5103300e+03  1  1
5.2163544e+01   1.8270000e+03   5.0000000e+00   2.0254748e+01   2.7101899e+01   5.4968476e+00   2.6347732e+00   4.3837223e-06   3.5134788e-05   7.5712597e-05   4.6000000e+01   4.8130485e+03   1.0765181e+02   3.6662442e+00   0.9306563e+03  1  1
6.9335211e+01   1.7820000e+03   5.0000000e+00   1.8064337e+01   1.9836838e+01   1.1460126e+01   2.9796384e+00   9.0779747e-05   9.6694759e-05   3.1803808e-05   3.9000000e+01   1.0664738e+03   1.2167615e+01   3.3330410e+00   9.9537551e+02   0  0
5.8424898e+01   1.5000000e+03   5.0000000e+00   2.1421965e+01   3.3255415e+01   1.1633237e+01   1.1099888e+00   7.8228383e-05   2.0298814e-05   6.5679826e-05   3.5000000e+01   4.9847422e+03   1.2584550e+02   0.0000000e+00   4.9847422e+03  1  1
2.3409158e+01   1.8620000e+03   5.0000000e+00   1.6815228e+00   3.1524699e+01   8.8683373e+00   2.6166804e+00   5.2055708e-05   7.9384400e-07   2.6687584e-05   4.3000000e+01   2.4067063e+03   6.8100397e+01   3.6664546e+00   2.0858121e+03  0  0
4.7636550e+01   1.6220000e+03   5.0000000e+00   1.6506879e+01   2.9874147e+01   6.1102211e+00   1.8271586e+00   6.0294065e-06   2.0479581e-05   3.3405390e-05   3.6000000e+01   5.2497444e+02   1.0195496e+02   3.3331336e-01   5.1622487e+02  1  1
2.1667637e+01   1.6280000e+03   5.0000000e+00   1.7530179e+01   2.4093979e+01   6.0916767e+00   2.4974294e+00   1.6072067e-05   8.4865881e-05   5.2057073e-05   3.9000000e+01   4.1522888e+03   7.1880902e+01   1.3331293e+00   3.8754695e+03  1  1
1.4448234e+01   1.5430000e+03   5.0000000e+00   2.3074886e+00   1.4109507e+01   5.4425611e+00   2.0859702e+00   6.8489198e-05   8.1171898e-05   2.8686042e-05   5.0000000e+01   3.6539950e+03   3.8393761e+01   4.9991083e+00   2.7404962e+03  0  0
6.4917565e+01   1.9440000e+03   5.0000000e+00   7.4769274e+00   2.9562014e+01   1.0316117e+01   1.1574713e+00   8.5676282e-05   3.3801656e-05   2.0376745e-05   4.4000000e+01   2.5874965e+03   1.1343009e+02   2.9995805e+00   2.1993720e+03  1  1
1.2015426e+01   1.5210000e+03   5.0000000e+00   1.7808175e+01   3.2694380e+01   1.0001405e+01   1.7151953e+00   3.0632223e-05   7.6393223e-05   6.9188019e-05   4.0000000e+01   3.6721295e+03   7.4234582e+01   1.6663730e+00   3.3661187e+03  1  1
9.3354053e+00   1.7150000e+03   5.0000000e+00   2.3108820e+01   2.4816365e+01   1.1308099e+01   1.3521934e+00   9.2238853e-06   9.0600934e-05   9.3804394e-05   4.1000000e+01   2.1398726e+03   6.9920883e+01   1.9996128e+00   1.9258854e+03  1   1
3.7765084e+01   1.9210000e+03   5.0000000e+00   1.3229669e+01   2.8497511e+01   3.3561809e+00   1.7412134e+00   3.5673506e-05   1.6243169e-05   1.4511025e-05   4.3000000e+01   2.6911055e+02   8.4589658e+01   2.6664895e+00   2.3322914e+02  0  0
5.1660645e+00   1.8000000e+03   5.0000000e+00   1.5607294e+01   3.1232166e+01   7.9757202e+00   2.2331526e+00   1.7951657e-05   4.5268504e-05   4.4960822e-06   5.0000000e+01   2.8716421e+03   6.2214397e+01   4.9996614e+00   2.1537316e+03  0  0
4.5060738e+01   1.7690000e+03   5.0000000e+00   1.5626565e+01   1.2966394e+01   3.4474833e+00   2.7530722e+00   7.7507365e-05   5.8834722e-05   9.7742163e-05   4.2000000e+01   1.0747291e+03   7.9854252e+01   2.3327872e+00   9.4934406e+02  0  0
3.9482155e+01   1.6550000e+03   5.0000000e+00   1.6597069e-01   3.2542475e+01   7.3857019e+00   2.6492067e+00   8.1296274e-05   3.7855176e-05   9.3639847e-05   4.7000000e+01   1.0315958e+03   8.2225509e+01   3.9991489e+00   8.2527663e+02  0  0

